0, 3157, 1655
1, 679, 4033
2, 446, 1255
3, 3284, 1824
4, 921, 45
5, 3134, 117
6, 30, 2088
7, 1564, 1144
8, 2879, 963
9, 2994, 364
10, 338, 1387
11, 1350, 2994
12, 3668, 3327
13, 2676, 3795
14, 406, 2833
15, 3789, 4013
16, 415, 158
17, 1396, 3479
18, 2813, 3046
19, 2807, 381
20, 165, 1112
21, 1078, 2046
22, 3937, 2277
23, 72, 2000
24, 1401, 1988
25, 2630, 2539
26, 300, 3666
27, 2438, 1770
28, 304, 1780
29, 364, 1213
30, 2674, 3584
31, 1418, 2183
32, 351, 3215
33, 3797, 3967
34, 691, 2180
35, 2425, 3927
36, 2251, 2613
37, 198, 3321
38, 309, 3399
39, 3152, 1391
40, 3255, 675
41, 2394, 2512
42, 202, 1250
43, 3713, 843
44, 1815, 3721
45, 3175, 1033
46, 2681, 1594
47, 1801, 676
48, 3789, 2989
49, 1695, 722
50, 2574, 199
51, 1308, 3315
52, 3658, 2798
53, 288, 1781
54, 3468, 3211
55, 1461, 999
56, 2722, 3067
57, 2052, 1998
58, 1190, 3000
59, 1980, 3195
60, 3597, 2953
61, 2152, 1065
62, 3100, 1391
63, 1245, 656
64, 812, 3616
65, 3626, 1414
66, 1703, 2429
67, 2912, 3056
68, 3462, 3173
69, 2949, 1498
70, 962, 1931
71, 1470, 2698
72, 2259, 2175
73, 2405, 3708
74, 3636, 3897
75, 3581, 788
76, 1008, 2594
77, 1219, 3715
78, 2142, 242
79, 215, 2266
80, 1552, 3726
81, 969, 3946
82, 3679, 47
83, 3390, 292
84, 155, 3091
85, 2631, 2112
86, 51, 482
87, 2233, 1665
88, 1483, 3548
89, 2901, 924
90, 3081, 1631
91, 1115, 1009
92, 35, 2838
93, 405, 3203
94, 1210, 3291
95, 913, 3219
96, 2957, 683
97, 4041, 1330
98, 962, 1619
99, 3113, 2212
100, 2879, 2112
101, 3553, 544
102, 1265, 1468
103, 737, 526
104, 361, 3649
105, 2232, 2688
106, 1436, 3386
107, 3280, 4016
108, 2610, 4054
109, 3910, 841
110, 3736, 186
111, 3177, 959
112, 2177, 3507
113, 3249, 3462
114, 535, 903
115, 703, 3959
116, 435, 688
117, 2139, 968
118, 2173, 570
119, 3838, 2661
120, 2100, 3973
121, 2842, 1655
122, 1059, 2320
123, 1782, 3666
124, 1498, 25
125, 2814, 1002
126, 1803, 2272
127, 2570, 2692
128, 3029, 2594
129, 2461, 1853
130, 2314, 1369
131, 4086, 3553
132, 2946, 2367
133, 2253, 747
134, 1246, 2311
135, 1842, 2039
136, 216, 1248
137, 2835, 3857
138, 1439, 1522
139, 3994, 3952
140, 1724, 3678
141, 1964, 510
142, 2183, 3796
143, 2155, 2258
144, 2213, 3542
145, 2033, 3674
146, 2204, 1985
147, 347, 730
148, 3982, 3384
149, 2804, 2786
150, 66, 1035
151, 2419, 3281
152, 2277, 774
153, 785, 554
154, 3531, 2807
155, 1253, 1507
156, 2694, 2604
157, 128, 2730
158, 3499, 3575
159, 1369, 3244
160, 212, 4090
161, 2629, 1799
162, 278, 2263
163, 3930, 2325
164, 901, 2104
165, 3970, 2149
166, 2812, 1208
167, 3885, 689
168, 1258, 2778
169, 2327, 1409
170, 3010, 1601
171, 2822, 3500
172, 2288, 525
173, 979, 3695
174, 1856, 1712
175, 1326, 407
176, 2014, 3654
177, 2574, 71
178, 2500, 620
179, 3003, 14
180, 938, 2554
181, 3748, 1426
182, 2932, 3198
183, 2789, 1485
184, 2813, 3533
185, 1471, 721
186, 1247, 4055
187, 234, 2705
188, 1268, 3224
189, 3605, 3847
190, 1283, 235
191, 468, 3283
192, 778, 3562
193, 134, 3253
194, 2729, 3814
195, 2284, 638
196, 3870, 2313
197, 470, 455
198, 1947, 1395
199, 567, 3184
200, 1830, 3588
201, 881, 2418
202, 241, 605
203, 3254, 2054
204, 3420, 3963
205, 2897, 3370
206, 1109, 3250
207, 2825, 702
208, 2086, 465
209, 647, 3465
210, 3063, 3631
211, 2851, 3093
212, 1249, 833
213, 945, 3028
214, 3585, 3874
215, 758, 3967
216, 2657, 421
217, 2016, 1790
218, 3448, 2145
219, 3042, 173
220, 308, 2175
221, 3927, 2860
222, 916, 3008
223, 3623, 619
224, 3583, 3862
225, 2464, 1481
226, 748, 1197
227, 120, 2294
228, 737, 1883
229, 1168, 3502
230, 3754, 225
231, 2564, 3641
232, 3204, 3025
233, 713, 688
234, 1234, 1035
235, 1349, 4035
236, 1517, 473
237, 3156, 888
238, 3798, 4085
239, 2176, 2335
240, 1304, 325
241, 3540, 3817
242, 1409, 3371
243, 3219, 1460
244, 300, 3817
245, 1052, 1565
246, 976, 3634
247, 514, 82
248, 3706, 286
249, 3751, 1986
250, 2295, 2934
251, 3480, 2548
252, 2513, 2524
253, 4059, 274
254, 2135, 3327
255, 2590, 746
256, 3801, 2928
257, 2198, 3428
258, 780, 2841
259, 2231, 3927
260, 3901, 3347
261, 388, 1511
262, 4077, 3878
263, 3058, 1978
264, 4054, 3073
265, 1276, 3512
266, 334, 190
267, 40, 2465
268, 939, 991
269, 1304, 2980
270, 3407, 2944
271, 3420, 1068
272, 1227, 306
273, 1858, 2143
274, 1436, 1180
275, 3397, 865
276, 2150, 3918
277, 2180, 3042
278, 2546, 1968
279, 2566, 2729
280, 3560, 2080
281, 314, 3156
282, 2050, 3172
283, 411, 3611
284, 2887, 3827
285, 2489, 3883
286, 1536, 3345
287, 520, 956
288, 4022, 3414
289, 284, 3770
290, 2020, 914
291, 542, 2874
292, 3771, 411
293, 1361, 511
294, 2104, 1092
295, 4013, 3065
296, 2520, 2670
297, 3515, 1327
298, 2629, 263
299, 3112, 2149
300, 3990, 2341
301, 3350, 1703
302, 2785, 3608
303, 3424, 2900
304, 3397, 1223
305, 3114, 3226
306, 1684, 2890
307, 708, 2645
308, 1538, 1535
309, 3480, 1639
310, 1811, 3994
311, 1507, 1794
312, 3909, 3518
313, 1363, 2960
314, 3925, 3288
315, 2421, 3759
316, 302, 2230
317, 3875, 3773
318, 1659, 2933
319, 88, 162
320, 1082, 2556
321, 1209, 881
322, 2073, 786
323, 1381, 3724
324, 1961, 869
325, 3883, 1094
326, 878, 1473
327, 337, 4091
328, 834, 1556
329, 1889, 3362
330, 2245, 463
331, 3070, 109
332, 2896, 3450
333, 2924, 3548
334, 3110, 1029
335, 986, 2699
336, 1446, 3317
337, 557, 3350
338, 2785, 626
339, 3816, 3122
340, 2136, 1733
341, 999, 3055
342, 3499, 1327
343, 2881, 2923
344, 1892, 3878
345, 2939, 102
346, 1043, 820
347, 2012, 618
348, 3581, 1099
349, 2079, 2717
350, 1957, 1927
351, 613, 931
352, 3978, 1183
353, 3743, 1655
354, 916, 1082
355, 1305, 208
356, 1834, 2862
357, 1226, 511
358, 3559, 14
359, 705, 1569
360, 569, 1
361, 1656, 3326
362, 2185, 883
363, 1656, 625
364, 1305, 4033
365, 3864, 1685
366, 2641, 1098
367, 1164, 208
368, 1120, 67
369, 3171, 2315
370, 1678, 1226
371, 2007, 810
372, 2573, 2731
373, 2363, 2276
374, 3689, 1500
375, 1154, 3566
376, 394, 509
377, 2148, 1956
378, 271, 1381
379, 2841, 3094
380, 3622, 3117
381, 349, 977
382, 1313, 3714
383, 1661, 736
384, 1697, 1017
385, 3486, 3492
386, 937, 2484
387, 3985, 3437
388, 2088, 846
389, 753, 3549
390, 2615, 3474
391, 1030, 3900
392, 2879, 298
393, 1291, 2132
394, 3044, 3303
395, 4032, 3833
396, 1321, 77
397, 2787, 2656
398, 876, 1029
399, 3591, 2953
400, 1069, 1627
401, 578, 2672
402, 2109, 1757
403, 2628, 2004
404, 618, 2805
405, 3962, 3519
406, 628, 3387
407, 479, 148
408, 2086, 544
409, 2193, 1015
410, 2423, 3623
411, 1786, 2488
412, 1079, 3748
413, 2170, 860
414, 3792, 1329
415, 2561, 1059
416, 1349, 1895
417, 2479, 988
418, 2895, 2453
419, 1790, 1122
420, 1764, 3382
421, 1514, 238
422, 3436, 512
423, 3204, 2029
424, 3692, 2639
425, 569, 331
426, 2930, 2576
427, 530, 1541
428, 3935, 2185
429, 1592, 2455
430, 3681, 1767
431, 2307, 3384
432, 244, 2902
433, 2170, 2827
434, 907, 3586
435, 1347, 3728
436, 2848, 1071
437, 3345, 3135
438, 2109, 1547
439, 3147, 567
440, 543, 141
441, 1263, 1152
442, 760, 2229
443, 2224, 2867
444, 1365, 937
445, 1147, 710
446, 861, 3430
447, 1536, 4092
448, 1075, 2224
449, 4089, 533
450, 2437, 376
451, 1121, 106
452, 1291, 936
453, 1578, 1859
454, 3326, 1489
455, 3526, 2388
456, 3132, 1025
457, 1912, 3539
458, 504, 1154
459, 2623, 2109
460, 678, 3397
461, 1462, 4064
462, 2438, 637
463, 2867, 3513
464, 3629, 3347
465, 2059, 3979
466, 1553, 2613
467, 2224, 166
468, 3115, 1157
469, 3956, 3918
470, 651, 364
471, 3636, 3970
472, 1506, 2854
473, 1673, 3930
474, 1518, 2092
475, 3588, 4016
476, 3695, 1979
477, 3950, 3134
478, 3009, 1151
479, 1762, 654
480, 2164, 2160
481, 2324, 4073
482, 3524, 3641
483, 834, 518
484, 2895, 1745
485, 423, 3442
486, 1292, 2799
487, 1458, 314
488, 3856, 1587
489, 2558, 3679
490, 3059, 3031
491, 1994, 1537
492, 3854, 2138
493, 283, 3668
494, 2758, 3185
495, 1252, 1964
496, 3489, 3302
497, 1754, 2586
498, 2134, 3657
499, 445, 1959
500, 2019, 1154
501, 1035, 3867
502, 1668, 146
503, 2723, 895
504, 521, 3636
505, 3372, 1421
506, 2688, 2178
507, 1689, 3228
508, 165, 787
509, 218, 1386
510, 3358, 1261
511, 1855, 3804
512, 492, 2554
513, 4047, 2085
514, 1045, 2967
515, 2274, 198
516, 1142, 599
517, 1659, 1905
518, 1995, 2222
519, 3963, 3708
520, 3510, 3482
521, 3147, 3216
522, 3907, 3925
523, 3371, 1311
524, 1612, 2621
525, 2421, 1346
526, 3439, 3154
527, 2696, 758
528, 3393, 1325
529, 3375, 3209
530, 193, 638
531, 3945, 1648
532, 1361, 3174
533, 279, 2088
534, 518, 3879
535, 1232, 2038
536, 918, 605
537, 1971, 3970
538, 2209, 2733
539, 3992, 661
540, 3278, 2736
541, 473, 2518
542, 546, 927
543, 854, 2082
544, 1998, 901
545, 2606, 669
546, 2941, 754
547, 3514, 2871
548, 3631, 1498
549, 1855, 733
550, 3646, 1282
551, 792, 1827
552, 1389, 383
553, 428, 2834
554, 1183, 2820
555, 2644, 659
556, 1428, 2713
557, 4025, 1552
558, 164, 1427
559, 1102, 433
560, 2320, 2291
561, 90, 3712
562, 1273, 563
563, 3191, 163
564, 1185, 3194
565, 338, 710
566, 878, 3259
567, 1110, 1996
568, 1944, 2740
569, 1129, 163
570, 499, 2115
571, 899, 3272
572, 2352, 1947
573, 3336, 228
574, 823, 1962
575, 2707, 2204
576, 396, 1421
577, 2507, 1355
578, 1191, 1174
579, 554, 825
580, 1286, 264
581, 1648, 2083
582, 2481, 1933
583, 3875, 2263
584, 1602, 2029
585, 3702, 1519
586, 298, 939
587, 4029, 204
588, 1391, 913
589, 1360, 3420
590, 1321, 2962
591, 3435, 3317
592, 487, 2229
593, 314, 3552
594, 751, 3850
595, 804, 769
596, 2186, 303
597, 2971, 235
598, 466, 2911
599, 790, 418
600, 2166, 1072
601, 2720, 2889
602, 2354, 1187
603, 1905, 3551
604, 1487, 2303
605, 4058, 277
606, 3908, 1228
607, 3599, 2419
608, 924, 2426
609, 1596, 252
610, 1618, 323
611, 1512, 1847
612, 1224, 2932
613, 3428, 4090
614, 2063, 3794
615, 3833, 2575
616, 122, 941
617, 1254, 249
618, 241, 546
619, 962, 3394
620, 323, 857
621, 2065, 2543
622, 3886, 526
623, 956, 957
624, 799, 551
625, 3405, 2135
626, 1314, 538
627, 2894, 1843
628, 3655, 872
629, 1664, 3516
630, 1854, 1910
631, 1488, 1787
632, 2564, 1483
633, 155, 2967
634, 4069, 3349
635, 2177, 378
636, 1463, 2297
637, 4023, 761
638, 2353, 3063
639, 2056, 697
640, 1976, 2470
641, 3291, 1511
642, 388, 1698
643, 1261, 3678
644, 2142, 3505
645, 689, 3463
646, 2976, 1540
647, 1539, 2508
648, 3464, 277
649, 4073, 2403
650, 371, 2084
651, 982, 1544
652, 2468, 3027
653, 671, 3111
654, 610, 2133
655, 3585, 591
656, 2911, 966
657, 1540, 3479
658, 2714, 4072
659, 1399, 866
660, 221, 571
661, 825, 563
662, 2660, 2809
663, 1496, 4017
664, 758, 1515
665, 1391, 2075
666, 3085, 3748
667, 326, 3987
668, 1488, 1746
669, 3137, 1455
670, 1026, 2244
671, 3068, 8
672, 4015, 97
673, 552, 2010
674, 0, 2155
675, 3888, 3486
676, 2972, 3207
677, 2181, 3895
678, 1259, 418
679, 2978, 3754
680, 1531, 748
681, 2352, 3189
682, 741, 1509
683, 1601, 3257
684, 640, 1647
685, 1990, 967
686, 934, 4038
687, 3934, 2072
688, 1597, 816
689, 642, 2562
690, 2256, 3580
691, 4017, 2698
692, 1722, 1999
693, 3198, 3973
694, 1567, 525
695, 2728, 1069
696, 2863, 3478
697, 4019, 277
698, 3987, 3974
699, 3361, 2506
700, 2591, 1389
701, 1370, 2448
702, 164, 2920
703, 2552, 3028
704, 3367, 108
705, 2297, 442
706, 3871, 415
707, 1497, 2045
708, 826, 3749
709, 1467, 2836
710, 2405, 1722
711, 1690, 114
712, 3013, 921
713, 2199, 1551
714, 19, 3657
715, 2180, 1718
716, 1550, 2231
717, 4066, 867
718, 2210, 1569
719, 2534, 2896
720, 3542, 169
721, 605, 1458
722, 2323, 2286
723, 1293, 2448
724, 1980, 1974
725, 3546, 237
726, 2506, 524
727, 100, 868
728, 3794, 1256
729, 3529, 3337
730, 720, 1000
731, 3009, 3805
732, 2023, 579
733, 2987, 1639
734, 444, 630
735, 3930, 3352
736, 1214, 2665
737, 3389, 2236
738, 1117, 232
739, 1886, 727
740, 3723, 3846
741, 3666, 2139
742, 110, 1942
743, 3307, 1025
744, 2130, 3197
745, 1167, 953
746, 2134, 3292
747, 2175, 2541
748, 1254, 895
749, 3529, 1743
750, 3393, 3748
751, 2003, 1349
752, 2139, 193
753, 3118, 3935
754, 1230, 1959
755, 3846, 3561
756, 3465, 2801
757, 3708, 969
758, 1429, 869
759, 3694, 81
760, 1367, 1962
761, 3604, 1341
762, 3557, 2976
763, 1217, 2017
764, 490, 847
765, 981, 221
766, 797, 142
767, 1429, 4070
768, 1842, 2316
769, 0, 4012
770, 2919, 3466
771, 3889, 171
772, 3445, 1700
773, 1583, 3428
774, 3678, 1206
775, 1111, 384
776, 1296, 3447
777, 376, 1431
778, 143, 661
779, 1886, 3257
780, 3070, 1100
781, 3445, 383
782, 977, 3625
783, 2764, 3322
784, 1372, 3733
785, 3221, 3208
786, 869, 3776
787, 1257, 1995
788, 2167, 3432
789, 1991, 1856
790, 1392, 1884
791, 2434, 3378
792, 3830, 597
793, 3020, 1444
794, 3861, 4092
795, 3926, 1180
796, 429, 837
797, 941, 1818
798, 21, 3506
799, 3289, 3915
800, 3031, 2355
801, 2056, 4040
802, 2079, 1998
803, 3610, 1614
804, 2190, 2475
805, 3358, 806
806, 2765, 29
807, 1864, 1186
808, 2761, 66
809, 647, 379
810, 605, 1319
811, 3556, 1374
812, 3901, 2040
813, 2778, 31
814, 2834, 3533
815, 1974, 2756
816, 143, 2171
817, 2920, 3132
818, 3922, 2488
819, 1299, 1832
820, 1082, 1405
821, 3349, 1385
822, 733, 3120
823, 2510, 400
824, 3067, 3850
825, 3152, 4049
826, 2859, 2909
827, 3310, 1712
828, 2894, 681
829, 138, 38
830, 3315, 3578
831, 2874, 2751
832, 501, 602
833, 662, 594
834, 1204, 2827
835, 1358, 272
836, 2862, 2910
837, 3392, 3294
838, 2064, 2171
839, 640, 780
840, 3625, 2378
841, 1058, 3079
842, 381, 2019
843, 3992, 1328
844, 2956, 1207
845, 238, 3240
846, 2349, 1260
847, 2611, 1598
848, 2625, 598
849, 884, 131
850, 2457, 1916
851, 3290, 240
852, 2491, 2879
853, 1187, 4043
854, 3611, 15
855, 3742, 722
856, 41, 3453
857, 508, 937
858, 2520, 3889
859, 2370, 2576
860, 705, 3429
861, 1733, 4091
862, 2589, 2213
863, 2018, 1601
864, 298, 1794
865, 668, 1466
866, 1286, 509
867, 2418, 1709
868, 3182, 818
869, 588, 1596
870, 832, 4043
871, 1811, 2940
872, 1560, 3610
873, 3199, 2991
874, 752, 1674
875, 3172, 2830
876, 2323, 2402
877, 3520, 3123
878, 183, 3293
879, 1745, 277
880, 861, 3680
881, 3745, 1817
882, 3441, 2276
883, 3530, 3626
884, 1034, 2893
885, 1849, 1701
886, 3301, 773
887, 1743, 756
888, 1617, 2887
889, 2531, 3074
890, 3108, 3121
891, 849, 2719
892, 2716, 1932
893, 3238, 2979
894, 1083, 3389
895, 1526, 3984
896, 3168, 310
897, 735, 1247
898, 298, 4089
899, 3593, 3379
900, 79, 3668
901, 1956, 1953
902, 3919, 1471
903, 3624, 1549
904, 659, 2763
905, 1506, 1390
906, 761, 2765
907, 1264, 1835
908, 2830, 1026
909, 3195, 1508
910, 3132, 551
911, 2542, 1740
912, 1367, 1960
913, 2628, 2990
914, 38, 496
915, 458, 1623
916, 3389, 3247
917, 2995, 3535
918, 1164, 2990
919, 2894, 1245
920, 2403, 1688
921, 2319, 2415
922, 1883, 135
923, 3222, 402
924, 3141, 2994
925, 2511, 3367
926, 893, 2084
927, 246, 3622
928, 1125, 216
929, 585, 1959
930, 2937, 633
931, 1511, 162
932, 2305, 3978
933, 2096, 1609
934, 3865, 1823
935, 670, 3935
936, 2226, 1950
937, 3200, 1443
938, 2326, 127
939, 3952, 1232
940, 2833, 2226
941, 3944, 1138
942, 2080, 1186
943, 729, 1304
944, 3000, 3467
945, 2410, 948
946, 2404, 935
947, 2403, 1770
948, 177, 2157
949, 109, 2000
950, 2134, 1613
951, 631, 1318
952, 2324, 2671
953, 1140, 3037
954, 2979, 2898
955, 1295, 998
956, 359, 3448
957, 3221, 711
958, 784, 372
959, 2177, 1118
960, 3248, 792
961, 2703, 397
962, 3508, 3817
963, 1530, 1291
964, 3642, 1429
965, 1265, 169
966, 17, 1952
967, 3192, 1219
968, 1594, 2626
969, 2909, 3504
970, 46, 1786
971, 2419, 102
972, 2172, 1412
973, 588, 3050
974, 1808, 1691
975, 986, 3899
976, 4075, 3086
977, 2846, 1341
978, 3004, 234
979, 1904, 2601
980, 1140, 3943
981, 3490, 1549
982, 1632, 1125
983, 980, 2502
984, 256, 2001
985, 3211, 2252
986, 1558, 2768
987, 1072, 1461
988, 2468, 2600
989, 2319, 2096
990, 3228, 2574
991, 3577, 1950
992, 443, 1460
993, 189, 1026
994, 3200, 1850
995, 2310, 1360
996, 721, 307
997, 2363, 197
998, 2391, 869
999, 2565, 1046
BatchNumber: 0, ADC[0] Mean:2071.69
BatchNumber: 0, ADC[1] Mean:2066.007
1000, 431, 2181
1001, 2794, 3902
1002, 2575, 2828
1003, 2341, 1306
1004, 2013, 1385
1005, 2968, 403
1006, 2009, 3903
1007, 3467, 2660
1008, 366, 1540
1009, 1105, 171
1010, 936, 4048
1011, 3396, 2500
1012, 3785, 1850
1013, 1531, 1250
1014, 404, 874
1015, 3165, 1598
1016, 35, 1273
1017, 1664, 1047
1018, 3875, 3770
1019, 3469, 1710
1020, 3214, 2977
1021, 3107, 1814
1022, 2977, 1906
1023, 3446, 912
1024, 935, 3798
1025, 3926, 850
1026, 3858, 2394
1027, 110, 478
1028, 2879, 294
1029, 116, 724
1030, 1296, 1090
1031, 902, 1139
1032, 2315, 1370
1033, 368, 736
1034, 2239, 2420
1035, 2880, 691
1036, 2165, 3490
1037, 1051, 2054
1038, 941, 1582
1039, 3618, 1879
1040, 2499, 618
1041, 315, 701
1042, 1043, 2314
1043, 1834, 1736
1044, 1162, 1186
1045, 2262, 3581
1046, 3653, 2745
1047, 413, 2123
1048, 2074, 1968
1049, 3594, 1606
1050, 1537, 2709
1051, 2768, 2609
1052, 918, 3235
1053, 2780, 368
1054, 1342, 2151
1055, 3631, 1297
1056, 771, 2332
1057, 2319, 678
1058, 775, 201
1059, 95, 1
1060, 3630, 2727
1061, 3668, 1053
1062, 158, 3393
1063, 1132, 3515
1064, 3076, 3023
1065, 4074, 3067
1066, 2082, 2011
1067, 341, 3884
1068, 1945, 1801
1069, 3877, 1903
1070, 3628, 1466
1071, 393, 3106
1072, 1649, 964
1073, 2810, 1321
1074, 425, 3830
1075, 1348, 1873
1076, 1873, 3593
1077, 2071, 2904
1078, 3136, 1715
1079, 2450, 1619
1080, 2102, 3360
1081, 1386, 2414
1082, 2172, 563
1083, 3309, 2854
1084, 1990, 2530
1085, 2828, 3069
1086, 418, 2286
1087, 467, 2163
1088, 2334, 562
1089, 3498, 3289
1090, 583, 3906
1091, 3089, 3341
1092, 1674, 2200
1093, 1194, 2584
1094, 4035, 1531
1095, 748, 230
1096, 3445, 2258
1097, 3896, 268
1098, 80, 2074
1099, 934, 1085
1100, 1749, 4050
1101, 3425, 1990
1102, 1002, 2374
1103, 1455, 3681
1104, 3125, 4002
1105, 570, 2574
1106, 2311, 3256
1107, 1035, 2290
1108, 270, 2140
1109, 739, 4066
1110, 3464, 725
1111, 2914, 458
1112, 1781, 2597
1113, 3718, 2254
1114, 2485, 198
1115, 2083, 259
1116, 3723, 2413
1117, 1539, 628
1118, 480, 1099
1119, 2339, 3395
1120, 744, 1608
1121, 3554, 32
1122, 960, 2269
1123, 2013, 189
1124, 1222, 1605
1125, 4093, 2034
1126, 1335, 962
1127, 1716, 1024
1128, 1136, 2967
1129, 208, 2499
1130, 2750, 3295
1131, 1196, 2927
1132, 1918, 311
1133, 2945, 3993
1134, 1716, 407
1135, 1810, 3265
1136, 3896, 1438
1137, 3321, 1856
1138, 1266, 2881
1139, 3592, 3607
1140, 584, 3529
1141, 1031, 879
1142, 199, 48
1143, 3019, 2761
1144, 697, 515
1145, 3586, 1608
1146, 890, 3935
1147, 645, 1544
1148, 411, 627
1149, 2208, 649
1150, 3418, 2115
1151, 2567, 815
1152, 3890, 827
1153, 2233, 3991
1154, 1735, 3954
1155, 3853, 2349
1156, 3469, 696
1157, 1915, 3316
1158, 2263, 316
1159, 2727, 1870
1160, 1386, 184
1161, 3295, 1200
1162, 915, 201
1163, 2375, 4055
1164, 793, 1777
1165, 1444, 638
1166, 672, 2942
1167, 188, 2563
1168, 961, 216
1169, 1084, 3467
1170, 1910, 3122
1171, 1025, 837
1172, 757, 1236
1173, 2233, 193
1174, 2020, 1423
1175, 3375, 94
1176, 1995, 338
1177, 3357, 3234
1178, 2914, 1366
1179, 3995, 3688
1180, 2547, 2272
1181, 3198, 4052
1182, 2510, 3214
1183, 1677, 526
1184, 508, 3446
1185, 2354, 2047
1186, 3327, 3355
1187, 4054, 2358
1188, 3253, 2458
1189, 443, 3773
1190, 2063, 2181
1191, 2035, 3464
1192, 2496, 1350
1193, 2738, 333
1194, 3679, 1049
1195, 3743, 3689
1196, 316, 1490
1197, 919, 3732
1198, 4019, 1068
1199, 2422, 1638
1200, 3654, 1707
1201, 3780, 2668
1202, 3164, 1328
1203, 861, 2734
1204, 378, 998
1205, 4075, 456
1206, 923, 221
1207, 1625, 366
1208, 236, 3829
1209, 1556, 1160
1210, 475, 1343
1211, 941, 3553
1212, 3798, 2759
1213, 1730, 1837
1214, 2435, 322
1215, 2434, 2185
1216, 36, 2899
1217, 118, 355
1218, 2495, 3462
1219, 299, 1167
1220, 488, 3
1221, 4050, 2680
1222, 1069, 3286
1223, 2766, 94
1224, 3959, 553
1225, 3495, 189
1226, 3606, 1262
1227, 1162, 2311
1228, 765, 227
1229, 2964, 404
1230, 3693, 3119
1231, 299, 56
1232, 2659, 1889
1233, 420, 2118
1234, 102, 1269
1235, 1965, 869
1236, 3529, 388
1237, 671, 471
1238, 1388, 2355
1239, 2484, 511
1240, 4088, 1635
1241, 1973, 1882
1242, 921, 2244
1243, 2673, 2869
1244, 1736, 1902
1245, 3685, 2268
1246, 497, 3990
1247, 1569, 1464
1248, 3799, 3993
1249, 21, 3274
1250, 2866, 647
1251, 4087, 2689
1252, 2683, 2626
1253, 755, 3218
1254, 590, 691
1255, 923, 2504
1256, 1838, 2452
1257, 411, 2057
1258, 1146, 2512
1259, 3230, 414
1260, 3311, 1646
1261, 381, 2295
1262, 1679, 3791
1263, 371, 3634
1264, 2913, 3302
1265, 767, 1489
1266, 2334, 3304
1267, 1740, 3440
1268, 1643, 3378
1269, 3293, 2389
1270, 1489, 3550
1271, 2278, 1045
1272, 979, 1181
1273, 430, 2139
1274, 3578, 3607
1275, 317, 1287
1276, 763, 3702
1277, 4058, 1220
1278, 265, 1792
1279, 1010, 2986
1280, 2255, 1216
1281, 304, 1382
1282, 4019, 3528
1283, 170, 2628
1284, 712, 1065
1285, 413, 1862
1286, 3313, 840
1287, 3020, 3855
1288, 3462, 3431
1289, 1315, 497
1290, 3361, 2326
1291, 55, 3401
1292, 2984, 3575
1293, 726, 2726
1294, 3341, 519
1295, 3175, 3946
1296, 2367, 307
1297, 134, 273
1298, 3245, 895
1299, 1121, 1545
1300, 1010, 1897
1301, 1427, 2513
1302, 3194, 2550
1303, 2068, 4017
1304, 682, 202
1305, 1852, 928
1306, 476, 512
1307, 3720, 4024
1308, 1160, 998
1309, 2492, 444
1310, 2801, 1538
1311, 3382, 193
1312, 1985, 561
1313, 3590, 3006
1314, 706, 2747
1315, 610, 2566
1316, 2310, 3864
1317, 3582, 1464
1318, 899, 1637
1319, 207, 434
1320, 1506, 803
1321, 2044, 3138
1322, 2761, 2246
1323, 3470, 1854
1324, 681, 205
1325, 3207, 2247
1326, 2498, 676
1327, 2838, 3567
1328, 2609, 1234
1329, 527, 2632
1330, 3054, 3156
1331, 3311, 2030
1332, 3687, 3381
1333, 2713, 706
1334, 1025, 2256
1335, 3125, 3617
1336, 791, 2058
1337, 3032, 1998
1338, 3589, 243
1339, 1526, 3833
1340, 1186, 1736
1341, 2324, 501
1342, 3634, 2458
1343, 68, 1633
1344, 1025, 15
1345, 2949, 3759
1346, 1109, 1670
1347, 1475, 2444
1348, 1587, 14
1349, 3545, 3475
1350, 3627, 2763
1351, 828, 2520
1352, 1175, 3685
1353, 1456, 439
1354, 1739, 840
1355, 4072, 2365
1356, 3803, 789
1357, 1445, 1318
1358, 832, 2810
1359, 2490, 1229
1360, 3312, 1080
1361, 3775, 1010
1362, 3402, 3460
1363, 2508, 3216
1364, 582, 587
1365, 411, 3574
1366, 793, 2145
1367, 205, 2518
1368, 907, 3899
1369, 3420, 4044
1370, 1001, 3723
1371, 3988, 185
1372, 37, 583
1373, 4051, 320
1374, 224, 156
1375, 1612, 2871
1376, 1618, 2316
1377, 163, 2547
1378, 3082, 3912
1379, 3213, 1810
1380, 1177, 2335
1381, 3952, 1151
1382, 429, 497
1383, 1572, 1657
1384, 583, 3022
1385, 411, 1027
1386, 3484, 2541
1387, 227, 3683
1388, 1186, 3590
1389, 973, 2818
1390, 3503, 2187
1391, 2991, 426
1392, 3070, 1634
1393, 1956, 2571
1394, 1982, 1752
1395, 3530, 1089
1396, 686, 1610
1397, 2867, 2761
1398, 3866, 2836
1399, 3850, 3634
1400, 3105, 2394
1401, 3831, 1296
1402, 3840, 584
1403, 3482, 3171
1404, 2089, 574
1405, 1361, 3586
1406, 2939, 394
1407, 2401, 3084
1408, 3438, 3525
1409, 2176, 2890
1410, 2636, 3096
1411, 3770, 2925
1412, 3587, 3416
1413, 341, 1873
1414, 3769, 1560
1415, 3912, 2444
1416, 3835, 1434
1417, 3807, 1109
1418, 2450, 1694
1419, 680, 2485
1420, 2247, 2880
1421, 482, 1407
1422, 391, 4038
1423, 2245, 291
1424, 3304, 3877
1425, 3418, 340
1426, 659, 959
1427, 998, 9
1428, 2718, 906
1429, 1804, 424
1430, 243, 1608
1431, 3496, 528
1432, 757, 3012
1433, 3846, 1505
1434, 681, 1292
1435, 633, 1743
1436, 2845, 3786
1437, 643, 3851
1438, 2613, 2362
1439, 2534, 3643
1440, 1170, 49
1441, 2664, 3986
1442, 2237, 3571
1443, 1784, 2875
1444, 435, 3798
1445, 2485, 1544
1446, 3985, 256
1447, 2241, 638
1448, 3478, 4049
1449, 650, 1473
1450, 192, 740
1451, 3704, 2011
1452, 3244, 1674
1453, 1590, 968
1454, 316, 1242
1455, 1491, 355
1456, 2466, 2255
1457, 3348, 193
1458, 3039, 3604
1459, 2385, 1281
1460, 1228, 970
1461, 1069, 978
1462, 2902, 3184
1463, 1853, 2588
1464, 1544, 4
1465, 372, 2659
1466, 1712, 1060
1467, 3451, 430
1468, 439, 652
1469, 742, 562
1470, 1980, 815
1471, 2559, 3288
1472, 2306, 2129
1473, 3172, 1729
1474, 1002, 2048
1475, 1694, 3968
1476, 1663, 3464
1477, 245, 3316
1478, 3766, 2726
1479, 3204, 59
1480, 3916, 3096
1481, 3518, 311
1482, 869, 2926
1483, 2738, 1405
1484, 2899, 2918
1485, 3848, 2386
1486, 2862, 1823
1487, 3395, 412
1488, 2506, 1875
1489, 2766, 772
1490, 11, 124
1491, 1586, 3591
1492, 2405, 499
1493, 996, 2343
1494, 815, 135
1495, 758, 1808
1496, 1542, 682
1497, 741, 2979
1498, 1392, 2247
1499, 2419, 3474
1500, 3486, 1766
1501, 2924, 2179
1502, 2294, 3402
1503, 1106, 3934
1504, 69, 3928
1505, 809, 1890
1506, 4054, 2432
1507, 48, 3792
1508, 1510, 4022
1509, 2000, 369
1510, 1930, 395
1511, 590, 2764
1512, 2160, 2040
1513, 843, 2179
1514, 1082, 415
1515, 3114, 259
1516, 3551, 3386
1517, 1381, 2339
1518, 1294, 3502
1519, 1296, 3098
1520, 3488, 1156
1521, 2274, 982
1522, 3420, 2962
1523, 1849, 3205
1524, 634, 1044
1525, 1469, 1465
1526, 246, 2049
1527, 1544, 3091
1528, 1176, 160
1529, 19, 254
1530, 2558, 3021
1531, 2852, 3748
1532, 813, 550
1533, 2434, 667
1534, 1050, 1803
1535, 2497, 2103
1536, 2725, 2997
1537, 976, 774
1538, 2215, 3702
1539, 3438, 3292
1540, 190, 1732
1541, 1545, 38
1542, 3041, 1649
1543, 12, 1501
1544, 1842, 2385
1545, 1163, 1134
1546, 3483, 1042
1547, 539, 466
1548, 2398, 2620
1549, 169, 2870
1550, 528, 1182
1551, 2155, 2925
1552, 2641, 3461
1553, 2835, 1344
1554, 1073, 769
1555, 875, 1568
1556, 816, 821
1557, 63, 825
1558, 1476, 2814
1559, 707, 3259
1560, 537, 932
1561, 2919, 2760
1562, 640, 1363
1563, 2715, 1682
1564, 2457, 509
1565, 2471, 3690
1566, 3533, 568
1567, 2763, 3103
1568, 3672, 2714
1569, 1491, 3675
1570, 2908, 2762
1571, 428, 1073
1572, 1510, 3690
1573, 317, 2661
1574, 978, 3808
1575, 3085, 3678
1576, 1913, 1005
1577, 2332, 3690
1578, 2357, 3490
1579, 2285, 1277
1580, 746, 1152
1581, 2981, 564
1582, 2392, 1279
1583, 2129, 247
1584, 2153, 1055
1585, 1248, 2857
1586, 1322, 1127
1587, 350, 1869
1588, 504, 1845
1589, 1249, 1045
1590, 1046, 53
1591, 704, 2743
1592, 1518, 2888
1593, 1776, 2528
1594, 2331, 3167
1595, 745, 182
1596, 428, 214
1597, 2929, 1756
1598, 3876, 3959
1599, 2775, 230
1600, 1560, 70
1601, 508, 4018
1602, 2560, 228
1603, 2355, 786
1604, 654, 462
1605, 3186, 511
1606, 2240, 1240
1607, 231, 692
1608, 448, 238
1609, 3140, 3599
1610, 3597, 3695
1611, 2010, 3080
1612, 309, 1065
1613, 2428, 1108
1614, 2293, 2688
1615, 2088, 639
1616, 3165, 1019
1617, 3579, 975
1618, 3640, 780
1619, 183, 1290
1620, 532, 990
1621, 1873, 1869
1622, 4076, 233
1623, 2037, 3283
1624, 4078, 2236
1625, 1307, 3637
1626, 818, 3270
1627, 727, 1959
1628, 2154, 1522
1629, 3708, 1494
1630, 1894, 1247
1631, 2588, 2060
1632, 2468, 2546
1633, 1441, 1220
1634, 1756, 3350
1635, 1146, 3762
1636, 54, 1849
1637, 3067, 2607
1638, 1821, 141
1639, 3099, 75
1640, 3123, 3240
1641, 1124, 56
1642, 1381, 2545
1643, 3915, 3989
1644, 291, 1619
1645, 2916, 2118
1646, 1167, 2783
1647, 3491, 3380
1648, 2497, 3907
1649, 3496, 1529
1650, 2887, 816
1651, 1527, 727
1652, 1090, 1640
1653, 3583, 3064
1654, 203, 2215
1655, 138, 2013
1656, 2518, 3632
1657, 2466, 2748
1658, 122, 2531
1659, 679, 4017
1660, 2726, 1546
1661, 929, 136
1662, 434, 3123
1663, 2595, 1366
1664, 2453, 3781
1665, 109, 2008
1666, 740, 1569
1667, 1283, 2306
1668, 1713, 397
1669, 3060, 3835
1670, 3057, 851
1671, 3786, 2171
1672, 1481, 902
1673, 3694, 1629
1674, 317, 742
1675, 3257, 4060
1676, 3228, 3573
1677, 2898, 1340
1678, 3982, 1390
1679, 293, 2062
1680, 3139, 2217
1681, 610, 516
1682, 2105, 2224
1683, 1273, 948
1684, 2349, 159
1685, 1035, 3820
1686, 3565, 939
1687, 959, 1874
1688, 1855, 2852
1689, 2750, 3626
1690, 3524, 965
1691, 1048, 1711
1692, 523, 143
1693, 2875, 1261
1694, 2766, 4037
1695, 2419, 322
1696, 103, 998
1697, 695, 840
1698, 240, 3269
1699, 65, 3351
1700, 3724, 2745
1701, 3375, 157
1702, 3801, 3532
1703, 494, 2289
1704, 2613, 1023
1705, 3580, 1129
1706, 2735, 761
1707, 2633, 2174
1708, 1168, 2994
1709, 4087, 1962
1710, 3443, 11
1711, 2277, 2406
1712, 1834, 713
1713, 3716, 2567
1714, 243, 119
1715, 1633, 2681
1716, 2787, 3493
1717, 3997, 778
1718, 1685, 890
1719, 2004, 1086
1720, 3743, 586
1721, 2742, 1743
1722, 457, 1289
1723, 1682, 3436
1724, 2460, 2616
1725, 3766, 1340
1726, 3276, 2198
1727, 4003, 3712
1728, 468, 968
1729, 2418, 3088
1730, 3910, 2022
1731, 2045, 2493
1732, 3484, 899
1733, 2437, 3337
1734, 859, 1854
1735, 488, 277
1736, 990, 3001
1737, 2313, 2857
1738, 1364, 533
1739, 1949, 544
1740, 3125, 280
1741, 106, 1721
1742, 447, 293
1743, 3499, 588
1744, 3585, 285
1745, 310, 716
1746, 2567, 3010
1747, 1270, 1721
1748, 2635, 248
1749, 2353, 3653
1750, 2947, 2439
1751, 2576, 606
1752, 2127, 3488
1753, 350, 275
1754, 3979, 1145
1755, 2348, 4029
1756, 3114, 1873
1757, 4057, 3630
1758, 1915, 324
1759, 2045, 3191
1760, 1494, 1848
1761, 3846, 574
1762, 1543, 3866
1763, 1805, 2074
1764, 1730, 592
1765, 221, 1115
1766, 2274, 2390
1767, 1692, 685
1768, 1798, 3595
1769, 3689, 1054
1770, 4037, 3223
1771, 704, 2439
1772, 2032, 376
1773, 1697, 694
1774, 3048, 1735
1775, 3900, 2311
1776, 2298, 3257
1777, 2158, 1098
1778, 2687, 2002
1779, 3157, 2355
1780, 1683, 2370
1781, 2639, 3386
1782, 924, 1232
1783, 1754, 723
1784, 180, 3371
1785, 1831, 2415
1786, 730, 991
1787, 3248, 2366
1788, 1144, 1407
1789, 2636, 1167
1790, 2169, 1111
1791, 3121, 4090
1792, 787, 2004
1793, 2912, 3112
1794, 232, 594
1795, 2093, 3890
1796, 437, 1333
1797, 3465, 1666
1798, 583, 1412
1799, 1514, 799
1800, 2717, 974
1801, 513, 3771
1802, 3998, 1484
1803, 1581, 1306
1804, 9, 3887
1805, 4048, 1280
1806, 3460, 1990
1807, 186, 572
1808, 3344, 2644
1809, 2599, 3014
1810, 2415, 2736
1811, 491, 3680
1812, 1278, 2035
1813, 1978, 3491
1814, 1621, 1581
1815, 1782, 3826
1816, 3988, 1837
1817, 2545, 1194
1818, 597, 3444
1819, 91, 3397
1820, 423, 1605
1821, 3103, 439
1822, 640, 812
1823, 429, 2541
1824, 1147, 2893
1825, 2417, 2034
1826, 2908, 2594
1827, 2478, 4075
1828, 483, 928
1829, 2493, 1962
1830, 3601, 2184
1831, 3780, 2522
1832, 2105, 222
1833, 1387, 1623
1834, 3540, 3086
1835, 4070, 3995
1836, 2552, 3296
1837, 2591, 810
1838, 3728, 51
1839, 3040, 465
1840, 1605, 3531
1841, 2344, 2822
1842, 3259, 3842
1843, 918, 1393
1844, 3454, 2564
1845, 711, 3764
1846, 950, 2224
1847, 3891, 2333
1848, 1920, 580
1849, 2429, 418
1850, 3520, 2901
1851, 3095, 2155
1852, 2918, 2516
1853, 3577, 3706
1854, 3, 1668
1855, 346, 431
1856, 1982, 2027
1857, 356, 69
1858, 3935, 957
1859, 3358, 2357
1860, 3398, 4088
1861, 2263, 975
1862, 2374, 305
1863, 3044, 328
1864, 3500, 257
1865, 2984, 3147
1866, 1716, 2621
1867, 1040, 2799
1868, 435, 188
1869, 3999, 743
1870, 265, 1307
1871, 1389, 1786
1872, 2218, 279
1873, 1781, 3018
1874, 1867, 3821
1875, 2493, 962
1876, 1317, 71
1877, 1115, 3526
1878, 637, 2119
1879, 3876, 2612
1880, 3566, 3248
1881, 206, 3840
1882, 2778, 1294
1883, 2810, 3456
1884, 987, 1652
1885, 3728, 3746
1886, 1052, 2615
1887, 2092, 2090
1888, 2699, 477
1889, 2852, 2094
1890, 2619, 26
1891, 2555, 3773
1892, 1859, 2021
1893, 1829, 1644
1894, 1506, 1608
1895, 2161, 2411
1896, 407, 1387
1897, 1271, 1111
1898, 1101, 1644
1899, 3102, 923
1900, 1564, 2419
1901, 2030, 215
1902, 92, 2841
1903, 4004, 2797
1904, 2074, 3119
1905, 827, 160
1906, 3361, 1781
1907, 4087, 3539
1908, 693, 527
1909, 1980, 756
1910, 3559, 1165
1911, 1950, 3473
1912, 3586, 1317
1913, 3338, 3760
1914, 1343, 980
1915, 989, 1054
1916, 1470, 1929
1917, 530, 199
1918, 2090, 2340
1919, 3680, 3112
1920, 2112, 3126
1921, 3664, 2481
1922, 781, 2001
1923, 3144, 2721
1924, 1394, 1826
1925, 418, 573
1926, 3759, 2346
1927, 1459, 399
1928, 469, 2652
1929, 723, 2870
1930, 3598, 244
1931, 1454, 1094
1932, 2130, 3868
1933, 2785, 1432
1934, 1251, 3887
1935, 1449, 2447
1936, 941, 2962
1937, 2739, 432
1938, 1595, 3563
1939, 2692, 1585
1940, 2268, 616
1941, 2366, 3611
1942, 561, 415
1943, 1390, 3218
1944, 469, 130
1945, 3825, 3533
1946, 1617, 810
1947, 3609, 1867
1948, 1672, 2570
1949, 351, 1008
1950, 3311, 1711
1951, 1470, 1601
1952, 377, 2066
1953, 3727, 796
1954, 3701, 1026
1955, 2899, 1000
1956, 4054, 3233
1957, 601, 2981
1958, 1972, 1937
1959, 532, 1714
1960, 2477, 3661
1961, 963, 1120
1962, 62, 2011
1963, 830, 130
1964, 3448, 871
1965, 2854, 3119
1966, 3212, 1684
1967, 2369, 557
1968, 3241, 764
1969, 3234, 2590
1970, 783, 594
1971, 3611, 3537
1972, 1326, 2824
1973, 3573, 2478
1974, 209, 627
1975, 3990, 3830
1976, 2037, 2731
1977, 2625, 3744
1978, 748, 350
1979, 1539, 2461
1980, 1236, 3596
1981, 1442, 2830
1982, 2267, 3874
1983, 1883, 2370
1984, 864, 44
1985, 3834, 1208
1986, 2797, 2037
1987, 931, 1883
1988, 49, 1520
1989, 3889, 1332
1990, 2532, 2446
1991, 4016, 2820
1992, 976, 3119
1993, 1081, 480
1994, 3153, 2719
1995, 3904, 2891
1996, 3320, 773
1997, 1354, 1281
1998, 3246, 781
1999, 1270, 1546
BatchNumber: 1, ADC[0] Mean:2040.323
BatchNumber: 1, ADC[1] Mean:1959.987
2000, 940, 1202
2001, 1614, 165
2002, 888, 2782
2003, 1032, 0
2004, 1800, 741
2005, 3695, 3322
2006, 555, 206
2007, 4023, 2884
2008, 3674, 2716
2009, 1854, 3242
2010, 2792, 1403
2011, 3311, 2239
2012, 234, 943
2013, 1982, 2024
2014, 682, 3744
2015, 2731, 3363
2016, 249, 2342
2017, 391, 1330
2018, 832, 3851
2019, 1932, 2289
2020, 2086, 1081
2021, 2774, 2411
2022, 3119, 581
2023, 2335, 3114
2024, 845, 2564
2025, 1702, 530
2026, 3021, 2122
2027, 2849, 3632
2028, 1985, 3469
2029, 4025, 4039
2030, 799, 3103
2031, 3412, 2150
2032, 2105, 332
2033, 3073, 2308
2034, 3909, 2693
2035, 2052, 3918
2036, 783, 3660
2037, 1156, 1711
2038, 2723, 899
2039, 3215, 3748
2040, 2702, 2963
2041, 1178, 2212
2042, 2042, 2201
2043, 341, 2221
2044, 3588, 854
2045, 3439, 1457
2046, 3920, 1988
2047, 1489, 3077
2048, 1763, 623
2049, 306, 2787
2050, 1603, 26
2051, 3300, 2246
2052, 512, 1878
2053, 3841, 3456
2054, 966, 1137
2055, 908, 1086
2056, 254, 277
2057, 1336, 1931
2058, 1924, 1199
2059, 108, 3999
2060, 4085, 851
2061, 2815, 3054
2062, 3349, 595
2063, 4092, 2890
2064, 2170, 2173
2065, 4042, 2100
2066, 593, 428
2067, 2145, 2676
2068, 3757, 3027
2069, 1700, 163
2070, 2455, 980
2071, 1254, 2450
2072, 4040, 2353
2073, 1203, 3643
2074, 651, 3653
2075, 1152, 563
2076, 515, 402
2077, 2796, 751
2078, 1306, 245
2079, 2992, 4012
2080, 1881, 950
2081, 1285, 2888
2082, 1189, 2903
2083, 492, 3920
2084, 2226, 2755
2085, 2268, 2992
2086, 3594, 4039
2087, 1544, 3105
2088, 3691, 364
2089, 3109, 995
2090, 3487, 448
2091, 2239, 2612
2092, 1020, 3479
2093, 1584, 191
2094, 1726, 1394
2095, 1369, 3512
2096, 34, 1783
2097, 2377, 1504
2098, 3789, 2461
2099, 1260, 1136
2100, 1860, 1377
2101, 1416, 1991
2102, 1384, 2255
2103, 1064, 570
2104, 2953, 3786
2105, 1154, 941
2106, 1231, 1996
2107, 525, 1432
2108, 2806, 2768
2109, 1867, 1805
2110, 1319, 301
2111, 2193, 832
2112, 1385, 2851
2113, 2958, 1811
2114, 1662, 39
2115, 3411, 1229
2116, 3199, 1972
2117, 3230, 2109
2118, 3126, 248
2119, 1228, 2860
2120, 2414, 1014
2121, 1332, 2035
2122, 239, 428
2123, 2280, 2132
2124, 1257, 944
2125, 2793, 1021
2126, 594, 3549
2127, 3912, 1559
2128, 3278, 583
2129, 605, 2627
2130, 3392, 3347
2131, 3002, 2914
2132, 374, 4019
2133, 1837, 3354
2134, 2861, 2510
2135, 2401, 2558
2136, 1539, 3101
2137, 3486, 304
2138, 3063, 158
2139, 593, 957
2140, 571, 825
2141, 553, 718
2142, 1340, 2390
2143, 635, 3744
2144, 2154, 1671
2145, 2926, 2542
2146, 3737, 2695
2147, 3563, 3161
2148, 2106, 2513
2149, 1660, 315
2150, 2685, 3021
2151, 3366, 2842
2152, 2638, 235
2153, 3576, 1587
2154, 63, 3607
2155, 2590, 3120
2156, 4085, 3742
2157, 2056, 2567
2158, 2794, 2284
2159, 1573, 2079
2160, 3383, 2187
2161, 1199, 1189
2162, 3679, 3953
2163, 2915, 2938
2164, 3633, 324
2165, 2293, 550
2166, 2592, 277
2167, 2366, 1644
2168, 1553, 1806
2169, 2175, 1105
2170, 2908, 3142
2171, 3681, 2641
2172, 3176, 3901
2173, 2552, 4090
2174, 639, 995
2175, 367, 3917
2176, 940, 3676
2177, 1026, 498
2178, 1821, 2176
2179, 3258, 2780
2180, 1415, 637
2181, 2048, 3834
2182, 1314, 2040
2183, 527, 3807
2184, 1375, 411
2185, 1013, 987
2186, 109, 468
2187, 3265, 241
2188, 2601, 2652
2189, 2108, 3872
2190, 1400, 2920
2191, 2299, 2637
2192, 4051, 2471
2193, 3704, 3010
2194, 3346, 1868
2195, 3918, 3471
2196, 2643, 3490
2197, 3784, 2271
2198, 1094, 3941
2199, 1327, 1135
2200, 3373, 2839
2201, 2714, 228
2202, 4077, 3474
2203, 3807, 471
2204, 410, 785
2205, 1992, 3263
2206, 68, 3480
2207, 1379, 2590
2208, 2433, 3505
2209, 3877, 2938
2210, 2430, 1611
2211, 461, 3602
2212, 588, 1637
2213, 2439, 714
2214, 778, 994
2215, 3241, 2754
2216, 1325, 972
2217, 498, 2656
2218, 205, 2070
2219, 2655, 577
2220, 2758, 3233
2221, 2600, 2561
2222, 3971, 654
2223, 3403, 3257
2224, 2110, 1194
2225, 3933, 1683
2226, 64, 2484
2227, 2800, 1761
2228, 2378, 3206
2229, 3735, 2439
2230, 1035, 3093
2231, 3788, 3511
2232, 1638, 3332
2233, 1938, 3190
2234, 2981, 2818
2235, 2384, 362
2236, 850, 3300
2237, 179, 3292
2238, 3106, 1995
2239, 3726, 4028
2240, 2328, 3276
2241, 2698, 3679
2242, 1156, 1558
2243, 2690, 2936
2244, 2266, 2832
2245, 277, 1093
2246, 2430, 215
2247, 3636, 3759
2248, 3540, 3183
2249, 922, 638
2250, 2811, 213
2251, 276, 3387
2252, 2905, 3570
2253, 833, 858
2254, 2304, 3603
2255, 2750, 382
2256, 3575, 3801
2257, 111, 1854
2258, 395, 108
2259, 2355, 79
2260, 642, 3097
2261, 923, 149
2262, 2540, 1290
2263, 2026, 634
2264, 3758, 514
2265, 3846, 4017
2266, 1072, 3087
2267, 1217, 2115
2268, 2999, 3406
2269, 774, 1680
2270, 725, 1831
2271, 631, 2758
2272, 81, 3990
2273, 1613, 2723
2274, 104, 1782
2275, 3364, 3431
2276, 828, 842
2277, 4091, 3809
2278, 3384, 127
2279, 846, 1614
2280, 1543, 198
2281, 1195, 1789
2282, 3851, 2827
2283, 3405, 487
2284, 2584, 2090
2285, 2949, 1083
2286, 3429, 674
2287, 3449, 2905
2288, 2465, 2260
2289, 67, 2645
2290, 3771, 3398
2291, 529, 1976
2292, 1245, 415
2293, 3188, 229
2294, 3091, 1503
2295, 2825, 2872
2296, 2559, 3254
2297, 136, 526
2298, 636, 2937
2299, 3001, 1349
2300, 584, 1126
2301, 139, 2109
2302, 2927, 2280
2303, 1, 154
2304, 1488, 1185
2305, 1343, 1124
2306, 59, 2296
2307, 1937, 2240
2308, 3763, 3313
2309, 544, 3436
2310, 3733, 3175
2311, 1490, 1081
2312, 3359, 76
2313, 2619, 175
2314, 537, 2922
2315, 2269, 3623
2316, 3353, 2813
2317, 2060, 2645
2318, 3258, 2515
2319, 3143, 3059
2320, 413, 3034
2321, 2836, 1905
2322, 159, 1701
2323, 2813, 262
2324, 1317, 1991
2325, 858, 1417
2326, 2392, 3660
2327, 1710, 1504
2328, 3730, 3153
2329, 2844, 2851
2330, 3756, 3921
2331, 3711, 2661
2332, 3011, 1815
2333, 1865, 1341
2334, 236, 3387
2335, 3077, 1248
2336, 169, 1579
2337, 3022, 699
2338, 338, 3679
2339, 921, 1658
2340, 1358, 2356
2341, 2953, 2641
2342, 2064, 851
2343, 1230, 3788
2344, 1102, 555
2345, 3009, 105
2346, 3766, 292
2347, 3398, 587
2348, 3418, 175
2349, 2989, 2438
2350, 3930, 1471
2351, 26, 2024
2352, 3009, 3704
2353, 1247, 813
2354, 637, 1011
2355, 1165, 50
2356, 2231, 1186
2357, 1493, 1399
2358, 968, 1069
2359, 597, 2159
2360, 585, 2172
2361, 238, 3775
2362, 377, 2971
2363, 1577, 3972
2364, 2276, 2434
2365, 1375, 163
2366, 690, 2578
2367, 1823, 3981
2368, 2329, 928
2369, 3727, 2454
2370, 3698, 416
2371, 3150, 91
2372, 3485, 2958
2373, 1968, 2580
2374, 2894, 1998
2375, 3713, 2348
2376, 3672, 830
2377, 1852, 1758
2378, 1232, 346
2379, 1646, 37
2380, 2127, 1370
2381, 2631, 2297
2382, 3730, 1001
2383, 3455, 3748
2384, 3457, 1606
2385, 3165, 40
2386, 1436, 2238
2387, 2555, 168
2388, 3116, 147
2389, 289, 1513
2390, 1003, 3092
2391, 1078, 278
2392, 2816, 3121
2393, 586, 3955
2394, 725, 65
2395, 2748, 1982
2396, 3376, 3690
2397, 326, 2328
2398, 1880, 853
2399, 455, 2483
2400, 3598, 2315
2401, 3217, 1287
2402, 2927, 3673
2403, 912, 1434
2404, 2369, 1684
2405, 2736, 1085
2406, 56, 132
2407, 3129, 3130
2408, 292, 2353
2409, 3576, 608
2410, 415, 3595
2411, 3023, 3392
2412, 2952, 1182
2413, 758, 1841
2414, 1911, 227
2415, 2383, 2263
2416, 3786, 1901
2417, 2010, 2782
2418, 3969, 3885
2419, 1445, 3237
2420, 2209, 3246
2421, 1585, 3135
2422, 1423, 1662
2423, 1926, 3243
2424, 561, 1290
2425, 2036, 3621
2426, 1371, 3941
2427, 2067, 2
2428, 3387, 3919
2429, 2430, 1745
2430, 2914, 3165
2431, 3617, 2142
2432, 3395, 473
2433, 1394, 2250
2434, 2217, 346
2435, 3255, 501
2436, 907, 339
2437, 2494, 1264
2438, 2010, 3982
2439, 1969, 1289
2440, 3351, 1610
2441, 1280, 621
2442, 2286, 2856
2443, 891, 3939
2444, 3928, 2008
2445, 3490, 50
2446, 1455, 3794
2447, 322, 3138
2448, 3723, 3538
2449, 3835, 949
2450, 268, 3770
2451, 1026, 215
2452, 2129, 1534
2453, 2713, 1032
2454, 1447, 803
2455, 2087, 3500
2456, 1949, 1140
2457, 2489, 1304
2458, 1885, 2996
2459, 3950, 538
2460, 3677, 1549
2461, 2417, 208
2462, 950, 3205
2463, 3141, 1208
2464, 16, 3450
2465, 1635, 2566
2466, 146, 1019
2467, 1021, 3675
2468, 583, 1065
2469, 2587, 752
2470, 142, 3954
2471, 2491, 3124
2472, 4015, 4085
2473, 2196, 315
2474, 1305, 3113
2475, 1253, 727
2476, 3682, 3296
2477, 1367, 2813
2478, 1353, 817
2479, 3359, 3019
2480, 2487, 1505
2481, 1015, 2092
2482, 3263, 3615
2483, 3353, 929
2484, 118, 2908
2485, 720, 820
2486, 409, 3198
2487, 395, 3817
2488, 3153, 3387
2489, 288, 960
2490, 1009, 2826
2491, 3997, 998
2492, 2196, 908
2493, 2979, 945
2494, 3747, 2302
2495, 2322, 3861
2496, 1800, 3662
2497, 2359, 2732
2498, 2939, 399
2499, 3956, 400
2500, 732, 1266
2501, 196, 2491
2502, 2392, 432
2503, 317, 483
2504, 2900, 1644
2505, 3755, 2061
2506, 529, 2399
2507, 2010, 3755
2508, 1603, 16
2509, 3990, 2354
2510, 635, 2407
2511, 1277, 1911
2512, 586, 954
2513, 3114, 841
2514, 839, 1758
2515, 878, 2753
2516, 3525, 3982
2517, 227, 3837
2518, 2630, 1505
2519, 2701, 1764
2520, 590, 2496
2521, 2139, 2102
2522, 2641, 261
2523, 3332, 3496
2524, 1652, 2698
2525, 1128, 2922
2526, 503, 1601
2527, 3859, 2419
2528, 4084, 2379
2529, 1904, 1438
2530, 1412, 3571
2531, 3739, 1141
2532, 766, 1001
2533, 2630, 641
2534, 2171, 2267
2535, 1125, 97
2536, 1410, 2226
2537, 1764, 2234
2538, 268, 3269
2539, 3364, 325
2540, 1716, 3713
2541, 3283, 2235
2542, 629, 2050
2543, 2249, 1924
2544, 123, 1903
2545, 3848, 250
2546, 3696, 1262
2547, 351, 1114
2548, 2852, 997
2549, 1335, 1640
2550, 1725, 2690
2551, 1325, 3480
2552, 1573, 1031
2553, 1512, 2372
2554, 3932, 1624
2555, 2151, 814
2556, 3109, 1579
2557, 3816, 1794
2558, 287, 1503
2559, 511, 2811
2560, 2846, 706
2561, 517, 267
2562, 2513, 874
2563, 496, 147
2564, 1874, 649
2565, 3477, 3365
2566, 1933, 1724
2567, 2694, 3120
2568, 2388, 3898
2569, 662, 3693
2570, 538, 3972
2571, 2086, 2593
2572, 3847, 3034
2573, 1236, 2117
2574, 1541, 2652
2575, 827, 1349
2576, 485, 2619
2577, 2888, 1019
2578, 2172, 1057
2579, 966, 698
2580, 535, 1364
2581, 498, 3283
2582, 2242, 2881
2583, 2975, 1385
2584, 2979, 695
2585, 3500, 483
2586, 840, 913
2587, 2273, 2969
2588, 2714, 2019
2589, 515, 3574
2590, 3733, 2473
2591, 2701, 3317
2592, 3917, 2128
2593, 2879, 3409
2594, 2931, 1674
2595, 947, 1331
2596, 2932, 4059
2597, 3158, 3268
2598, 3474, 2898
2599, 350, 965
2600, 58, 3945
2601, 3232, 845
2602, 3246, 343
2603, 508, 3667
2604, 346, 4013
2605, 2400, 153
2606, 541, 1486
2607, 1060, 2156
2608, 2758, 1275
2609, 3460, 114
2610, 1, 3661
2611, 2548, 1304
2612, 3843, 2169
2613, 1645, 876
2614, 1850, 3100
2615, 3590, 3911
2616, 1668, 3645
2617, 3516, 3882
2618, 3336, 1856
2619, 71, 3574
2620, 1619, 3306
2621, 3063, 3012
2622, 3369, 794
2623, 789, 1446
2624, 2999, 1001
2625, 509, 2198
2626, 3532, 236
2627, 964, 492
2628, 1397, 1928
2629, 1097, 1076
2630, 2792, 3727
2631, 1816, 1341
2632, 423, 2583
2633, 2580, 991
2634, 2065, 1272
2635, 2915, 902
2636, 1204, 3981
2637, 2589, 789
2638, 598, 3630
2639, 2029, 3048
2640, 1379, 199
2641, 1972, 848
2642, 2590, 1391
2643, 379, 1431
2644, 2680, 3023
2645, 2485, 1407
2646, 759, 3089
2647, 781, 1987
2648, 1489, 1722
2649, 2589, 786
2650, 2309, 3893
2651, 3475, 1726
2652, 2181, 3702
2653, 994, 3646
2654, 1742, 174
2655, 3989, 1861
2656, 3993, 2143
2657, 3792, 2593
2658, 1755, 968
2659, 2845, 3126
2660, 2204, 1148
2661, 2405, 3136
2662, 2882, 1507
2663, 142, 2210
2664, 3200, 601
2665, 3395, 2971
2666, 1040, 1243
2667, 739, 1580
2668, 818, 245
2669, 2762, 2982
2670, 397, 827
2671, 3784, 2506
2672, 3129, 623
2673, 1509, 2710
2674, 3392, 2282
2675, 232, 521
2676, 2971, 3558
2677, 2677, 1160
2678, 1488, 339
2679, 2938, 674
2680, 3559, 2878
2681, 446, 1140
2682, 874, 1018
2683, 820, 2750
2684, 1403, 2211
2685, 1774, 1509
2686, 2301, 3957
2687, 2728, 1376
2688, 1458, 3993
2689, 6, 2259
2690, 4093, 1527
2691, 2912, 917
2692, 369, 2873
2693, 4094, 1577
2694, 2661, 3673
2695, 92, 479
2696, 1401, 2087
2697, 3518, 1613
2698, 381, 2644
2699, 1632, 2111
2700, 3897, 2853
2701, 1306, 1181
2702, 508, 2818
2703, 2315, 3108
2704, 830, 1300
2705, 3797, 1590
2706, 332, 679
2707, 675, 2032
2708, 4061, 3623
2709, 770, 2095
2710, 1018, 3338
2711, 89, 1825
2712, 2118, 1295
2713, 107, 213
2714, 439, 1114
2715, 995, 2908
2716, 2360, 1990
2717, 2456, 1239
2718, 220, 1731
2719, 409, 1646
2720, 558, 985
2721, 746, 1360
2722, 3971, 2597
2723, 146, 722
2724, 1412, 1486
2725, 1647, 852
2726, 1874, 3632
2727, 1092, 559
2728, 2764, 3576
2729, 3157, 3307
2730, 2710, 2102
2731, 2669, 3810
2732, 305, 888
2733, 3324, 2436
2734, 2318, 3531
2735, 1812, 2329
2736, 3214, 3219
2737, 1537, 32
2738, 2591, 2823
2739, 1948, 3616
2740, 1148, 3480
2741, 2896, 3048
2742, 3561, 142
2743, 1034, 2823
2744, 898, 1897
2745, 2569, 738
2746, 2669, 1196
2747, 3030, 2550
2748, 2411, 1030
2749, 1055, 3082
2750, 3367, 1805
2751, 2499, 1975
2752, 3768, 3413
2753, 1733, 2749
2754, 2094, 1059
2755, 2062, 4035
2756, 1628, 3635
2757, 2159, 3325
2758, 3300, 3716
2759, 249, 162
2760, 3948, 501
2761, 1538, 420
2762, 962, 1073
2763, 3754, 2018
2764, 188, 3081
2765, 1716, 1560
2766, 1768, 2960
2767, 249, 3438
2768, 981, 920
2769, 3374, 147
2770, 2504, 2380
2771, 729, 3933
2772, 3929, 2628
2773, 3205, 3129
2774, 3131, 3799
2775, 3344, 2790
2776, 781, 892
2777, 3229, 2866
2778, 266, 2078
2779, 1013, 2694
2780, 3753, 3809
2781, 2560, 3107
2782, 3438, 501
2783, 2267, 2762
2784, 3386, 2816
2785, 2344, 2380
2786, 341, 101
2787, 1753, 1568
2788, 3866, 1700
2789, 585, 2428
2790, 1963, 625
2791, 2981, 484
2792, 3831, 3020
2793, 779, 876
2794, 3826, 1477
2795, 3171, 2997
2796, 4002, 679
2797, 489, 2789
2798, 3914, 1716
2799, 494, 3428
2800, 361, 442
2801, 3838, 315
2802, 1455, 964
2803, 2448, 680
2804, 3234, 1661
2805, 3094, 2661
2806, 1492, 2679
2807, 731, 3128
2808, 828, 2076
2809, 3370, 417
2810, 3817, 1391
2811, 3031, 1908
2812, 3739, 3441
2813, 2472, 3757
2814, 3707, 3058
2815, 1748, 2150
2816, 1206, 1252
2817, 2067, 1520
2818, 882, 2665
2819, 3123, 2867
2820, 572, 99
2821, 1736, 2165
2822, 2478, 510
2823, 1505, 1322
2824, 4043, 1455
2825, 1961, 1837
2826, 2441, 76
2827, 3706, 3064
2828, 1506, 1930
2829, 670, 2108
2830, 2587, 2786
2831, 1067, 175
2832, 4007, 944
2833, 1454, 239
2834, 612, 3305
2835, 2245, 2257
2836, 3048, 503
2837, 3940, 3718
2838, 3749, 865
2839, 3524, 3229
2840, 1936, 1149
2841, 3808, 2251
2842, 1096, 4006
2843, 3804, 1129
2844, 1641, 3097
2845, 14, 3047
2846, 1995, 1014
2847, 279, 1880
2848, 3126, 1560
2849, 2253, 1533
2850, 3150, 1265
2851, 710, 738
2852, 3305, 3799
2853, 2884, 1937
2854, 230, 4083
2855, 3409, 640
2856, 2500, 1536
2857, 172, 1437
2858, 3072, 2911
2859, 3174, 0
2860, 1235, 325
2861, 2693, 1609
2862, 3290, 3293
2863, 262, 2033
2864, 223, 2059
2865, 591, 2188
2866, 2707, 1991
2867, 78, 670
2868, 439, 3070
2869, 3041, 1392
2870, 1121, 1866
2871, 898, 1653
2872, 3782, 3468
2873, 547, 458
2874, 842, 2937
2875, 2903, 214
2876, 2481, 2252
2877, 298, 2825
2878, 2666, 3195
2879, 1542, 11
2880, 3536, 851
2881, 1714, 2266
2882, 3491, 1220
2883, 2027, 508
2884, 1458, 3596
2885, 998, 2
2886, 3965, 1781
2887, 2974, 3464
2888, 3521, 1040
2889, 1921, 3917
2890, 2746, 3898
2891, 1190, 1381
2892, 3251, 376
2893, 3802, 455
2894, 1692, 1347
2895, 2099, 1338
2896, 1527, 3029
2897, 1951, 270
2898, 152, 2727
2899, 2256, 2561
2900, 1440, 38
2901, 3095, 1340
2902, 1938, 2900
2903, 344, 700
2904, 3372, 929
2905, 3399, 1625
2906, 1274, 1720
2907, 1360, 3732
2908, 3755, 332
2909, 3109, 3114
2910, 1513, 1572
2911, 2910, 110
2912, 1497, 3755
2913, 2569, 935
2914, 3925, 2704
2915, 3311, 793
2916, 2879, 3454
2917, 2476, 2707
2918, 803, 3944
2919, 3537, 351
2920, 32, 3101
2921, 1177, 763
2922, 2043, 473
2923, 64, 3902
2924, 1669, 2313
2925, 609, 3914
2926, 3713, 3236
2927, 1048, 3963
2928, 1222, 2985
2929, 3938, 2278
2930, 331, 3504
2931, 870, 668
2932, 1712, 2606
2933, 2841, 1914
2934, 3339, 2747
2935, 2929, 3905
2936, 890, 2758
2937, 3082, 2506
2938, 394, 2147
2939, 2162, 1024
2940, 3691, 2761
2941, 3361, 1611
2942, 2094, 3492
2943, 1175, 3737
2944, 2406, 2607
2945, 1485, 1913
2946, 6, 1259
2947, 20, 623
2948, 2231, 509
2949, 3146, 3531
2950, 1726, 2245
2951, 563, 3016
2952, 3478, 799
2953, 3024, 954
2954, 154, 2636
2955, 3568, 3170
2956, 823, 2914
2957, 2681, 1664
2958, 142, 3353
2959, 2668, 2314
2960, 1431, 3199
2961, 3602, 731
2962, 1262, 1016
2963, 3899, 3725
2964, 2738, 2459
2965, 275, 3980
2966, 3096, 2725
2967, 3392, 1446
2968, 2198, 345
2969, 2227, 1295
2970, 468, 220
2971, 3582, 3865
2972, 3133, 2409
2973, 1089, 1187
2974, 2672, 2450
2975, 480, 2973
2976, 1935, 831
2977, 2100, 2621
2978, 2737, 3926
2979, 1753, 2462
2980, 995, 3393
2981, 2311, 1789
2982, 2361, 3683
2983, 73, 2193
2984, 3616, 1235
2985, 3560, 3892
2986, 1125, 1373
2987, 1845, 1211
2988, 3711, 3832
2989, 1692, 2948
2990, 4021, 2711
2991, 1052, 287
2992, 1978, 1397
2993, 2044, 2264
2994, 624, 770
2995, 2803, 2366
2996, 2687, 3860
2997, 300, 1169
2998, 2003, 1793
2999, 1504, 3545
BatchNumber: 2, ADC[0] Mean:2066.321
BatchNumber: 2, ADC[1] Mean:2038.735
3000, 2335, 2991
3001, 1665, 1436
3002, 2985, 683
3003, 1847, 562
3004, 3080, 889
3005, 3005, 3000
3006, 2234, 2900
3007, 2536, 2378
3008, 2341, 2024
3009, 3905, 964
3010, 1638, 1904
3011, 1568, 2845
3012, 2527, 1193
3013, 1204, 1360
3014, 1072, 676
3015, 3302, 1918
3016, 2328, 2241
3017, 612, 1029
3018, 1046, 3710
3019, 1396, 1295
3020, 3644, 1482
3021, 3278, 3829
3022, 1860, 3898
3023, 132, 3882
3024, 1324, 2017
3025, 2923, 4073
3026, 1982, 539
3027, 1906, 431
3028, 1422, 2914
3029, 3004, 1791
3030, 3573, 487
3031, 3584, 2404
3032, 1681, 1086
3033, 671, 4087
3034, 2288, 1506
3035, 1331, 2725
3036, 627, 2610
3037, 1414, 155
3038, 2720, 1834
3039, 985, 2724
3040, 1061, 1417
3041, 35, 3150
3042, 1847, 3323
3043, 4030, 1788
3044, 335, 180
3045, 3702, 2226
3046, 706, 3700
3047, 1817, 3156
3048, 1993, 874
3049, 2147, 773
3050, 3226, 139
3051, 1593, 3913
3052, 685, 197
3053, 3446, 3467
3054, 3219, 1750
3055, 1806, 3683
3056, 1929, 280
3057, 730, 2155
3058, 452, 434
3059, 557, 2453
3060, 1150, 2978
3061, 3752, 2107
3062, 1898, 3200
3063, 2019, 1022
3064, 793, 2353
3065, 2257, 1846
3066, 3781, 211
3067, 3592, 922
3068, 3919, 217
3069, 2464, 1649
3070, 3972, 563
3071, 2663, 2679
3072, 2468, 18
3073, 297, 425
3074, 2970, 3756
3075, 2704, 1558
3076, 317, 3789
3077, 3717, 248
3078, 481, 3581
3079, 2014, 1580
3080, 2273, 2423
3081, 2674, 866
3082, 3588, 4055
3083, 3996, 1717
3084, 782, 3902
3085, 2331, 234
3086, 2064, 3002
3087, 2575, 587
3088, 314, 1073
3089, 3733, 1879
3090, 2903, 1593
3091, 2147, 1131
3092, 3744, 698
3093, 1529, 4086
3094, 588, 3343
3095, 440, 337
3096, 2297, 884
3097, 3471, 1548
3098, 1984, 1796
3099, 3185, 2508
3100, 117, 2674
3101, 3738, 3162
310